0,479
0,478
0,477
0,476
0,475
0,474
0,473
0,472
0,471
0,243
0,470
0,469
0,468
0,467
0,466
0,465
0,464
0,463
0,462
0,461
0,460
0,459
0,458
0,457
0,456
0,455
0,454
0,453
0,452
0,451
0,450
0,449
0,448
0,447
0,446
0,445
0,444
0,443
0,442
0,386
10,22
10,242
10,124
10,4
9,7
9,6
9,1
9,4
9,2
9,3
8,18
8,5
8,4
8,14
8,2
8,3
28,3
28,2
28,1
28,0
27,3
27,2
27,1
27,0
25,3
25,2
25,1
25,0
20,3
20,2
20,1
19,3
19,2
19,1
12,3
12,2
12,1
11,29
11,28
11,27
11,26
11,25
11,24
11,23
11,22
11,21
11,20
11,19
11,18
11,17
11,16
11,12
11,10
11,8
11,6
11,4
11,3
11,2
11,1
10,298
