10,304
10,150
10,290
10,286
10,306
10,28
10,120
10,310
9,4
9,6
9,2
9,3
8,18
8,17
8,13
8,12
8,11
8,2
8,3
47,3
47,2
47,1
46,3
46,2
46,1
44,4
44,3
44,1
33,4
33,3
33,1
25,3
25,1
20,3
20,2
20,1
19,2
19,3
19,1
12,3
12,2
12,1
11,29
11,28
11,27
11,26
11,25
11,24
11,23
11,22
11,21
11,20
11,19
11,18
11,17
11,16
11,15
11,14
11,13
11,12
11,11
11,10
11,9
11,8
11,7
11,6
11,5
11,4
11,3
11,2
11,1
11,0
10,312
10,311
10,309
10,308
10,305
10,302
10,300
10,296
10,289
10,283
10,282
10,280
10,279
10,270
10,268
10,266
10,263
10,242
10,239
10,231
10,226
10,225
10,221
10,220
10,218
10,212
10,210
10,208
10,202
18,1
10,201
18,3
10,199
10,198
10,196
10,194
10,189
10,179
